<<<<<<< HEAD
9.807529967921660985e-01
9.822011272619400879e-01
9.494796911715340793e-01
9.473169140433860269e-01
9.315302978432044023e-01
9.258439402324294409e-01
9.775261912808381748e-01
9.296089385474860523e-01
9.263373782259443079e-01
9.646999495713565187e-01
=======
9.718048286341380848e-01
9.805695639276179598e-01
9.048338368580060020e-01
9.329636274669711460e-01
9.067100308113659191e-01
8.754842280022135936e-01
9.751605272051369067e-01
9.339185953711093280e-01
9.176209195009400466e-01
9.547823163556899972e-01
>>>>>>> e16b293a670b33a857d0a6d69b86a8898707b300
