<<<<<<< HEAD
9.712422671794014306e-01
9.627798778714742323e-01
9.665128993678455682e-01
9.434697855750486806e-01
9.586048969526158592e-01
9.713566866653764453e-01
9.571475843812045081e-01
9.844489519945909262e-01
9.454038025466596773e-01
8.702047005307050886e-01
=======
9.622199933132731253e-01
9.586716937354988755e-01
9.604489577765900066e-01
9.069288092595528816e-01
9.513290229885057459e-01
9.701553556827473557e-01
9.454456094364350749e-01
9.679073614557485161e-01
9.195067648569960062e-01
8.409831211134142226e-01
>>>>>>> e16b293a670b33a857d0a6d69b86a8898707b300
